V5
68
50
2 1440 2200 1 0
2 996 2188 1 0
1 972 2280 1 1
1 644 2268 1 0
1 636 2148 1 0
0 604 2088 1 0
0 520 2076 1 0
0 936 1876 1 0
0 1360 1860 1 1
0 1796 1636 1 0
0 1928 1620 1 0
0 2212 1616 1 0
0 2548 1668 1 0
1 3108 1856 1 1
1 3228 1856 1 0
1 3284 2004 1 0
1 3240 2204 1 0
1 3064 2248 1 0
1 3076 2196 1 0
2 2628 2204 1 0
1 2636 2284 1 1
1 1428 2272 1 1
1 1412 2240 0 0
1 2320 2308 1 1
0 2504 1764 1 0
0 2316 1960 1 0
0 2372 1724 1 0
0 2268 1664 1 0
0 1932 1660 1 0
0 1700 1772 1 0
0 1632 1820 1 0
0 1524 1904 1 0
0 1684 1916 1 0
0 2092 1904 1 0
0 2328 1904 1 0
0 2748 1876 1 0
0 2736 1788 1 0
0 2552 1728 1 0
0 2412 1684 1 0
0 2264 1660 0 0
1 3268 2052 1 0
1 2956 2056 0 0
1 2692 2060 1 0
1 1500 2072 1 0
1 1392 2076 0 0
1 1008 2076 1 0
1 604 2088 0 0
1 1436 2188 0 0
1 1436 2188 0 0
1 1436 2188 0 0

0
