V5
1
39
2 1344 2372 1 0
2 704 2368 1 0
1 700 2440 1 1
1 476 2408 1 0
0 452 2260 1 0
0 580 1920 1 0
0 532 1872 1 0
0 1172 1756 1 1
0 1828 1340 1 0
0 1768 1236 1 0
0 2688 1288 1 0
0 2876 1320 1 0
1 2768 1352 1 0
0 3176 1652 1 0
0 3616 2176 1 0
0 3420 2120 1 0
0 3404 2448 1 0
1 3332 2468 1 0
1 3324 2384 1 0
2 2712 2380 1 0
1 2700 2472 1 1
1 1340 2440 1 0
1 1344 2340 1 0
1 2136 2356 1 0
0 2424 2344 1 0
0 2636 2488 1 0
0 2604 2024 1 0
0 2372 1384 1 1
0 1956 1280 1 0
0 1700 1460 1 0
0 1336 1732 1 0
0 1300 1768 1 0
1 2988 1712 1 0
0 2848 1512 1 0
0 2660 1316 1 0
0 2524 1384 1 0
0 2380 1376 0 0
1 1424 1652 1 0
1 1432 2328 1 0

0
