V5
1
60
0 1492 2504 1 0
0 1032 2516 1 0
0 320 2440 1 0
0 872 2252 1 0
0 1248 2160 1 0
0 2024 2088 1 0
0 2176 2308 1 0
0 2776 2260 1 0
0 3188 2296 1 0
0 3256 2300 1 0
0 3284 2340 1 0
0 3404 2100 1 0
0 3452 2000 1 0
0 3428 1712 1 0
0 3328 1664 1 0
0 3432 1684 1 0
0 3540 1668 1 0
1 3684 1916 1 0
1 3772 2248 1 0
0 3680 2260 1 0
0 3620 2364 1 0
0 3640 2236 1 0
0 3460 2004 0 0
1 3692 2256 1 0
1 3652 2452 1 0
1 3524 2452 1 0
0 3452 2572 1 0
0 3468 2368 1 0
0 3368 2472 1 0
0 2572 2432 1 0
0 2352 2456 1 0
0 2244 2428 1 0
0 2088 2512 1 0
0 1820 2520 1 0
0 1784 2332 1 0
1 2236 3368 1 0
0 2304 3496 1 0
0 2144 3540 1 0
0 1752 3040 1 0
0 1436 2364 1 0
0 1468 2320 1 0
0 1564 2308 1 0
0 1656 2308 1 0
0 1792 2344 0 0
1 1760 2140 1 0
1 1580 1132 1 0
0 1556 1072 1 0
0 1444 1096 1 0
0 1380 1580 1 0
0 1404 2144 1 0
0 1464 2164 1 0
0 1472 2216 1 0
0 1472 2288 1 0
0 1424 2308 1 0
0 1252 2340 1 0
0 944 2332 1 0
0 1032 2380 1 0
0 952 2232 0 0
1 1492 2508 1 0
1 1492 2508 1 0

0
