V5
100
56
2 540 2404 1 0
2 1408 2392 1 0
1 1368 2468 1 0
1 1528 2540 1 0
1 2432 2536 1 0
0 2404 2316 1 0
0 2448 2020 1 0
0 3092 1852 1 0
0 3276 1736 1 0
0 3184 1604 1 0
0 3068 1508 1 0
0 2916 1372 1 0
0 2800 1356 1 0
1 2680 1440 1 1
0 2988 1536 1 0
0 3428 1744 1 0
0 2756 1624 1 0
0 2464 1656 1 0
0 1836 2048 1 0
0 1980 1764 1 0
0 2448 2272 1 0
0 2076 2236 1 0
1 1620 2288 1 0
1 1400 2384 1 0
1 860 2400 1 0
1 1608 2056 1 0
0 1756 1960 1 0
0 1596 1832 1 0
0 692 1652 1 0
0 616 1488 1 0
0 1808 1524 1 0
0 824 1588 1 0
0 1264 1700 1 0
0 1764 1728 1 0
0 1796 1460 1 0
0 2108 1432 1 0
0 2420 1412 1 0
0 2676 1628 1 0
1 2540 1688 1 0
1 2764 1532 1 1
1 2820 1636 0 0
1 2872 1892 1 0
1 2952 2344 0 0
1 3100 2772 1 0
2 2824 1972 0 0
1 1540 1696 1 0
1 2252 1772 1 1
1 1636 2028 1 0
1 1676 2288 0 0
1 548 2380 1 0
1 548 2380 1 0
1 548 2380 1 0
1 548 2380 1 0
1 548 2380 1 0
1 548 2380 1 0
1 548 2380 1 0

0
