V5
63
85
0 2439.3 2965.98 1 0
0 2518.59 2993.67 1 0
0 2625.64 3013.45 1 0
0 2712.86 3021.36 1 0
0 2681.15 2946.2 1 0
0 2693.04 2910.6 1 0
0 2629.6 2847.31 1 0
0 2498.77 2831.49 1 0
0 2625.64 2487.35 1 0
0 2788.19 2190.67 1 0
0 3026.08 1870.26 1 0
0 2974.54 1565.67 1 0
0 2772.34 1427.22 1 0
0 2756.48 1178.02 1 0
0 2859.56 754.759 1 0
0 2689.07 1027.7 1 0
0 2518.59 1185.93 1 0
0 2309.45 1171.09 1 0
0 2221.23 1153.29 1 0
0 2166.72 1150.33 1 0
0 2064.63 1147.36 1 0
0 1864.41 1051.43 1 0
0 1630.48 849.695 1 0
0 1951.63 1249.22 1 0
0 1995.24 1344.16 1 0
0 2023 1403.49 1 0
0 1935.77 1609.19 1 0
0 1670.13 1791.15 1 0
0 1539.3 2174.85 1 0
0 1367.82 2268.79 1 0
0 1236.98 2493.28 1 0
0 1063.52 2658.43 1 0
0 1212.2 2863.14 1 0
0 1047.67 2950.16 1 0
0 746.344 3143.99 1 0
0 774.097 3385.29 1 0
0 1115.07 3310.13 1 0
0 1563.08 3159.81 1 0
0 1999.21 3116.3 1 0
0 1983.35 2839.4 1 0
0 1610.66 2827.53 0 0
0 1452.07 2815.67 1 0
0 1396.56 2859.18 1 0
0 1511.54 3076.74 1 0
0 1808.9 3041.14 1 0
0 2078.5 3053.01 1 0
0 2312.42 3187.5 1 0
0 2316.39 2942.25 1 0
0 1983.35 2839.4 1 0
0 2110.22 2625.79 1 0
0 2007.14 2503.17 1 0
0 1959.56 2218.36 1 0
0 1955.6 2127.38 0 0
0 1789.08 1886.08 1 0
0 1551.19 2697 1 0
0 1995.24 2993.67 1 0
0 2106.26 3025.32 1 1
0 2316.39 3037.19 1 0
0 2542.38 3056.96 1 0
0 2467.05 2985.76 1 0
0 2411.54 2851.27 1 0
0 2395.68 2712.82 1 0
0 2264.85 2495.26 1 0
0 2344.14 2333.07 1 0
0 2320.35 2230.23 0 0
1 2593.92 1415.36 1 0
3 2431.37 1435.14 1 0
3 2597.89 1439.09 0 0
0 2625.64 1245.26 1 0
0 2256.92 1328.33 1 0
0 2197.44 1340.2 1 0
0 2161.76 1423.27 1 0
3 2304.49 1466.78 1 0
3 2165.73 1450.96 0 0
0 2118.15 1379.76 1 0
0 1943.7 1340.2 1 0
0 1943.7 1399.53 1 0
0 2256.92 1593.36 1 0
1 2498.77 1597.32 1 1
3 2340.18 1704.12 1 0
3 2248.99 1581.5 0 1
0 2241.06 1688.3 1 0
0 2015.07 1751.59 1 0
0 2122.11 1961.24 1 0
0 2431.37 2965.98 1 0

13
0 180 2392 1 0
0 552 1840 1 0
0 852 1380 1 0
0 1912 1964 1 0
0 2068 2544 1 0
0 2200 3008 1 0
0 2124 3000 1 0
0 1904 3016 1 0
0 2032 2568 1 0
0 2144 2148 1 0
0 2620 1624 1 0
0 3272 1720 1 0
0 3620 2512 1 0
