V5
100
92
0 152 2208 1 0
0 204 2144 1 0
0 140 2080 1 0
0 292 2096 1 0
0 416 2112 1 0
0 692 1972 1 0
0 924 1876 1 0
0 1112 2036 1 0
0 1364 1832 1 0
0 1500 1732 1 0
0 1764 1524 1 0
0 1956 1688 1 0
0 2204 1820 0 0
1 2428 1812 1 0
0 3200 1652 1 0
0 2304 2752 1 0
0 2848 1592 1 0
0 3128 2136 0 0
1 2560 1636 1 0
0 2016 2320 1 0
0 2216 2012 1 0
0 2532 2272 1 0
0 2756 2412 1 0
0 3040 2440 1 0
0 3116 2464 1 0
0 3172 2532 1 0
0 2760 2516 1 0
0 1668 2128 1 0
0 2028 2228 1 0
0 2120 1772 1 0
0 2452 1492 1 0
0 2572 1404 1 0
0 2712 1360 1 0
0 2788 1472 1 0
0 2856 1544 1 0
0 2788 1340 1 0
0 2760 1200 1 0
0 2872 1068 1 0
0 3044 1012 1 0
0 3296 1224 1 0
0 3448 1448 1 0
0 3004 1620 1 0
0 2816 1532 0 0
1 2944 1068 1 0
0 3108 888 1 0
0 3732 1092 1 0
0 3500 1344 1 0
0 3320 2140 1 0
0 3272 1888 1 0
0 3212 2180 1 0
0 3224 1796 1 0
0 3240 1324 0 0
1 3440 1664 1 0
0 3648 2032 1 0
0 4024 2492 1 0
0 3744 2376 1 0
0 3540 2576 1 0
1 3720 2372 1 0
1 3512 2548 1 0
1 3692 2344 1 0
1 3472 2524 1 0
1 3628 2332 1 0
0 3620 2260 1 0
0 3496 2088 1 0
0 3424 1996 1 0
0 3368 1912 0 0
1 3220 1768 1 0
0 3176 1980 1 0
0 2980 2268 1 0
0 3028 2236 1 0
0 2644 2312 1 0
0 1644 2288 1 0
1 1000 2344 1 0
0 808 2368 1 0
0 1024 2000 1 0
0 716 2228 1 0
0 1568 2052 1 0
0 1580 1864 1 0
0 1612 1780 1 0
0 1672 1632 1 0
0 1836 1656 1 0
0 1496 1728 1 0
0 1596 1912 1 0
0 1668 2124 1 0
0 1836 2308 1 0
1 1564 2056 1 0
1 1036 2160 1 0
0 864 2068 1 0
0 520 2248 1 0
0 396 2212 1 0
0 148 2200 1 0
0 148 2200 1 0

0
